0.076332 132
1.519162 1
0.089601 1
1.021413 2
0.002159 114
0.001420 132
2.252336 1
0.100474 1
0.231689 1
0.086584 1
0.851233 2
0.002273 55
0.174600 132
1.778582 1
0.240928 1
1.982805 1
0.114634 1
0.180970 1
0.130311 2
3.223366 1
0.238629 1
0.096461 1
0.158086 1
0.173015 1
0.101538 1
0.317897 1
0.205105 1
0.160069 1
0.087832 1
2.093083 1
0.428373 1
0.129230 1
0.223281 8
2.972505 2
1.079243 132
0.905919 1
0.077311 1
0.163080 2
0.002249 149
0.000026 132
0.000088 280
0.001392 132
0.902278 1
0.028911 1
0.197041 1
0.181077 1
0.167363 1
0.086154 1
0.159315 8
0.321499 2
0.001065 81
0.000631 132
6.788670 1
0.210242 1
2.468424 4
0.135946 4
0.674662 14
0.157234 19
0.236736 30
0.183050 35
0.295736 10
0.189894 58
0.195953 137
2.250576 182
0.661637 91
0.310657 1
0.500436 1
0.031046 1
0.031919 1
0.030078 1
0.030130 1
0.029800 1
0.029422 1
0.032182 1
0.031725 1
0.030959 1
0.029229 1
0.029113 1
0.029996 1
0.032822 1
0.031134 1
0.030984 1
0.030839 1
0.029714 1
0.029468 1
0.029423 1
0.029814 1
0.030466 1
0.030940 1
0.031017 1
0.031020 1
0.030372 1
0.030133 1
0.030165 1
0.029691 1
0.030590 1
0.030836 1
0.031373 1
0.030171 1
0.030714 1
0.030318 1
0.031036 1
0.030167 1
0.031019 1
0.028185 1
0.029875 1
0.029843 1
0.030116 1
0.030734 1
0.032503 1
0.030455 1
0.030323 1
0.030782 1
0.240841 3
0.407023 3
0.277547 5
0.116311 5
1.154264 5
0.405137 5
0.526589 3
0.499067 3
0.032182 3
0.029692 3
0.031394 3
0.029550 3
0.030519 3
0.029744 3
0.030852 3
0.030302 3
0.030618 3
0.030405 3
0.031003 3
0.031098 3
0.029398 3
0.029486 3
0.030782 3
0.921080 9
0.582152 3
0.500745 3
0.032444 3
0.030420 3
0.031181 3
0.030549 3
0.030123 3
0.030322 3
0.029999 3
0.031260 3
0.030735 3
0.031623 3
1.062204 9
0.495591 3
0.150016 3
0.127364 3
0.137737 3
0.122407 3
0.160198 3
0.345635 3
0.319691 5
0.129412 5
0.148777 5
1.050778 5
0.149837 5
0.150649 5
1.011349 3
0.502298 3
0.030312 3
0.032039 3
0.029091 3
0.031026 3
0.031524 3
0.029509 3
0.032415 3
0.030410 3
0.029699 1
0.029637 1
0.032247 1
0.030304 1
0.031416 1
0.254934 4
0.270173 4
0.148677 4
0.128482 4
0.160074 1
0.190438 1
0.200977 1
0.485080 1
0.306368 1
0.214770 1
0.369214 1
0.429194 1
0.090304 1
0.150265 1
0.603458 1
4.757285 2
0.002838 18
0.000165 5
0.002359 132
2.832200 1
0.100686 1
0.109870 1
0.665147 1
0.242183 1
0.259713 1
0.383225 1
0.177346 1
0.082462 11
0.762005 2
0.003714 57
0.001648 132
10.573347 19
0.289034 1
0.407799 95
0.345264 1
0.498794 1
0.032088 1
0.030494 1
0.030729 1
0.030930 1
0.031455 1
0.028364 1
0.030164 1
0.029682 1
0.030436 1
0.030525 1
0.031857 1
0.030768 1
0.031196 1
0.029602 1
0.029907 1
0.030471 1
0.031448 1
0.030113 1
0.029559 1
0.030707 1
0.031336 1
0.029728 1
0.030214 1
0.030057 1
0.029911 1
0.030809 1
0.028976 1
0.030742 1
0.029574 1
0.030343 1
0.032081 1
0.030519 1
0.030768 1
0.031310 1
0.030417 1
0.031297 1
0.030167 1
0.031758 1
0.030901 1
0.030670 1
0.029681 1
0.030613 1
0.031078 1
0.029988 1
0.030513 1
0.032373 1
0.030023 1
0.030781 1
0.031050 1
0.030341 1
0.030639 1
0.031021 1
0.032305 1
0.030189 1
0.029319 1
0.031338 1
0.031048 1
0.172991 1
0.829976 5
0.500015 5
0.028780 5
0.031160 5
0.030995 5
0.030296 5
0.031389 5
0.032066 5
0.029257 5
0.033024 5
0.211497 5
0.905635 9
0.703281 5
0.429391 5
0.187214 5
0.134876 5
0.376804 5
0.212024 5
0.055219 5
0.150577 5
0.824651 3
0.499446 3
0.031608 3
0.030661 3
0.031002 3
0.031112 3
0.029263 3
0.029332 3
0.030464 3
0.030841 3
0.030756 3
0.030417 3
0.029849 3
0.030759 3
0.030870 3
0.031016 3
0.033412 3
0.030214 3
0.029922 3
0.030172 3
0.030939 3
0.030171 3
0.031002 3
0.030436 3
0.030921 3
0.031057 3
0.030521 3
0.030499 3
0.030061 3
0.030045 3
0.508409 3
0.344350 5
0.499321 5
0.028882 5
0.030069 5
0.030749 5
0.031280 5
0.032679 5
0.029855 5
0.124654 5
0.225680 5
0.163968 5
0.139462 5
0.148356 5
0.120835 5
0.134785 5
0.509678 5
0.311646 5
0.240455 3
0.501283 3
0.030987 3
0.030205 3
0.029692 3
0.029544 3
0.030712 3
0.030059 3
0.032717 3
0.030550 3
0.029071 3
0.136349 3
0.389857 9
0.327972 5
0.205272 5
0.149743 5
0.200703 5
0.170491 5
0.534455 5
0.184882 5
0.660865 3
0.500617 3
0.030253 3
0.030986 3
0.030515 3
0.029976 3
0.029967 3
0.032730 3
0.030060 3
0.030580 3
0.030530 3
0.029813 3
0.030179 3
0.029644 3
0.029769 3
0.029581 3
0.030045 3
0.030499 1
0.030601 1
0.029857 1
0.031037 1
0.030336 1
0.029798 1
2.828780 2
0.006225 19
0.005062 4
0.003292 132
6.551566 1
0.111984 1
0.148304 1
0.463947 1
0.195466 1
0.147704 1
0.090606 1
0.148898 1
0.233167 1
0.420144 1
0.176630 5
0.462597 2
0.003620 52
0.001715 132
1.418849 1
0.081046 1
0.093620 1
0.130287 1
0.132199 1
0.089505 1
0.112034 1
0.158087 1
0.153862 5
1.109339 1
0.121216 1
0.153819 1
0.160065 1
0.217395 11
0.665165 2
0.002388 132
2.954696 28
0.158613 57
0.421888 82
2.200000 176
0.471743 96
2.520250 4
0.499240 4
0.029773 4
0.029862 4
0.029528 4
0.033258 4
0.224370 4
0.180077 4
0.137536 4
0.153251 4
0.138900 4
0.522712 1
0.166276 1
0.217531 1
0.267672 1
0.767226 1
3.024147 2
0.003996 19
0.000205 5
0.010305 132
0.915350 70
0.841589 187
0.324149 57
0.368772 82
0.909948 4
0.500794 4
0.031800 4
0.031119 4
0.030949 4
0.028276 4
0.030391 4
0.030057 4
0.030128 4
0.031741 4
0.222483 4
0.218023 1
0.145954 1
0.186411 1
0.223783 1
2.493345 2
0.006084 20
0.005048 4
0.014023 132
3.158803 61
0.112338 141
0.131717 187
0.190352 57
0.511041 57
0.413001 2
0.003187 132
3.057627 28
0.656914 31
0.654965 1
0.067585 1
0.194993 1
0.533922 4
0.183549 1
0.116274 1
0.218933 1
0.122782 1
0.075564 1
0.069139 1
0.462406 4
0.115703 4
0.225006 1
0.385186 1
0.093833 1
0.119133 1
0.380324 2
0.003401 30
0.003612 132
1.318230 1
0.097451 1
0.115055 1
0.097549 1
0.187444 2
0.003287 55
0.186864 132
1.120962 4
0.206922 6
0.339580 38
0.731998 89
1.045253 141
0.700113 4
0.501387 4
0.030266 4
1.032702 4
1.110560 1
0.174331 1
0.443704 1
0.088139 1
0.184295 1
0.237608 1
0.968785 2
0.006778 17
0.000338 5
0.007530 132
1.062472 72
0.151655 161
0.245035 6
0.311563 38
0.546352 89
0.919503 4
0.409536 4
0.121474 4
0.116681 4
0.740243 1
0.116803 1
0.449252 1
0.139650 1
0.168195 1
0.337225 1
0.568969 2
0.005430 18
0.004069 4
0.005228 132
1.996477 1
0.190732 1
0.134696 1
0.124277 1
0.176329 1
0.724883 1
0.195043 1
0.138059 1
0.166202 5
4.884007 1
0.140333 1
0.391966 1
0.140392 12
0.541476 2
0.004230 132
4.541024 28
0.450594 91
0.651946 149
0.298025 1
0.500490 1
0.030995 1
0.031082 1
0.029855 1
0.031113 1
0.032449 1
0.032924 1
0.027959 1
0.029018 1
0.029686 1
0.030527 1
0.030431 1
0.030522 1
0.029755 1
0.030640 1
0.030625 1
0.029966 1
0.029716 1
0.031786 1
0.029454 1
0.029833 1
0.030536 1
0.030413 1
0.030387 1
0.030449 1
0.030649 1
0.030044 1
0.031289 1
0.030303 1
0.030124 1
0.030034 1
0.029863 1
0.030306 1
0.030378 1
0.032658 1
0.032287 1
0.028894 1
0.030527 1
0.030020 1
0.029256 1
0.032098 1
0.031096 1
0.030536 1
0.031563 1
0.031077 1
0.030237 1
0.030707 1
0.030207 1
0.030300 1
0.030227 1
0.030676 1
0.390167 3
0.153663 3
0.372836 5
0.121272 5
0.147831 5
0.200976 5
0.732975 5
0.086829 5
0.116783 5
0.136000 5
1.057305 3
0.500693 3
0.030177 3
0.031220 3
0.029403 3
0.030817 3
0.030665 3
0.030106 3
0.029807 3
0.030477 3
0.032075 3
0.029700 3
0.031038 3
0.030295 3
0.030332 3
0.030746 3
0.029599 3
0.030751 3
0.030829 3
0.029575 3
0.029847 3
0.030512 3
0.030377 3
0.030680 3
0.032015 3
0.030050 3
0.029987 3
0.030382 3
0.030487 3
0.030457 3
0.031511 3
0.030629 3
0.030500 3
0.030872 3
0.031388 3
0.029913 3
0.028737 3
0.031347 3
0.031162 3
0.031855 3
0.031055 3
0.031128 3
0.030760 3
0.029316 3
0.030674 3
0.029933 3
0.029188 3
0.030960 3
0.030469 3
0.030040 3
0.031920 1
0.030517 1
0.029882 1
0.030981 1
0.031467 1
0.029521 1
0.031691 1
0.030965 1
0.030921 1
4.770170 2
0.006281 22
0.005399 5
0.003243 132
3.752665 72
0.146122 187
0.295611 91
1.066194 1
0.499820 1
0.032446 1
0.030438 1
0.029379 1
0.029732 1
0.030033 1
0.031245 1
0.031106 1
0.032134 1
0.029427 1
0.030708 1
0.031005 1
0.031611 1
0.033120 1
0.029873 1
0.030698 1
0.032038 1
0.029652 1
0.028349 1
0.030977 1
0.031998 1
0.029315 1
0.030276 1
0.030590 1
0.032212 1
0.029663 1
0.029809 1
0.030133 1
0.029314 1
0.029694 1
0.032537 1
0.031158 1
0.031622 1
0.029222 1
0.030758 1
0.032870 1
0.027728 1
0.029790 1
0.030078 1
0.030690 1
0.029984 1
0.029520 1
0.257826 1
0.257545 3
0.299791 5
0.149272 5
0.144961 5
0.115535 5
0.503457 5
0.131805 5
0.110131 5
0.404173 5
0.119828 5
0.135693 5
0.452143 5
0.093115 5
0.142167 5
0.161856 5
0.740329 3
0.501312 3
0.030121 3
0.031327 3
0.030845 3
0.029779 3
0.030891 3
0.032520 3
0.028552 3
0.030220 3
0.030562 3
0.030109 3
0.031202 3
0.031017 3
0.030304 3
0.030143 3
0.029850 3
0.029877 3
0.030168 3
0.029741 3
0.030447 3
0.031208 3
0.030107 3
0.032043 3
0.029473 3
0.031454 3
0.030121 3
0.029859 3
0.030448 3
0.030270 3
0.030692 3
0.032400 3
0.030954 3
0.031415 3
0.607638 3
0.499288 3
0.029779 3
0.031340 3
0.031257 3
0.031299 3
0.029728 3
0.031022 3
0.029800 3
0.030293 1
0.031220 1
0.030853 1
0.030067 1
0.031092 1
0.031298 1
0.031436 1
0.030275 1
2.100680 2
0.006695 21
0.000981 44
0.002671 132
4.889158 1
0.126723 1
0.133248 1
0.127543 1
0.133412 1
0.111769 1
0.154079 1
0.184109 1
0.099809 1
0.155769 1
0.106054 1
0.094497 1
0.127046 1
0.097328 1
0.094569 1
1.362801 1
1.480052 1
0.126092 1
0.172438 1
0.178090 1
0.417871 1
0.183844 1
0.110211 1
0.193465 1
0.172511 1
0.057836 1
0.118971 1
0.107628 1
0.090412 1
0.416624 1
0.107869 1
0.146446 1
0.153027 1
0.100740 1
0.174089 1
0.090208 1
0.958990 4
0.499234 4
0.030827 4
0.032450 4
0.029128 4
0.031217 4
0.030229 4
0.031062 4
0.031262 4
0.029965 4
0.030161 4
0.030173 4
0.030518 4
0.030439 4
0.029939 4
0.029632 4
0.030681 4
0.030693 4
0.030865 4
0.031059 4
0.031009 4
0.030770 4
0.030085 4
0.029637 4
0.029615 4
0.030560 4
0.029979 4
0.030474 4
0.031160 4
0.031616 4
0.030361 4
0.030209 4
0.032112 4
0.031815 4
0.029669 4
0.029279 4
0.029513 1
0.030280 1
0.031398 1
0.030317 1
0.030464 1
0.031274 1
11.793729 63
0.902616 2
0.005822 21
0.000795 42
0.002453 132
1.938343 1
0.062722 1
0.154373 1
0.091668 1
0.129509 1
0.094692 1
0.034131 1
0.089553 1
0.145119 1
0.378322 4
0.195498 1
0.108644 1
0.084645 1
0.139524 1
0.126046 1
0.078917 1
0.286323 4
0.498984 4
0.031184 4
0.030228 4
0.030613 4
0.030097 4
0.030628 4
0.028957 4
0.030437 4
0.029920 4
0.031175 4
0.030220 4
0.030155 4
0.030015 4
0.030667 1
0.032140 1
0.031154 1
0.030511 1
0.030067 1
0.030193 1
3.258687 63
0.471410 2
0.004526 21
0.000912 44
0.002516 132
1.882465 1
0.077247 1
0.281231 1
0.183508 1
0.162549 1
0.083670 1
0.119159 1
0.114869 1
0.411561 1
0.160278 1
0.122679 1
0.006237 1
0.234569 1
0.063932 1
0.279642 4
0.084986 4
0.143844 4
0.116985 4
0.232933 1
0.098088 1
0.110525 1
0.091407 1
0.076740 1
0.088962 1
0.119107 1
0.059924 1
0.110983 1
0.028997 1
0.155216 1
0.081648 1
0.084520 1
0.479958 1
0.534043 4
0.499181 4
0.029880 4
0.031078 4
0.030842 4
0.033452 4
0.030781 4
0.029693 4
0.031864 4
0.029411 4
0.031087 4
0.030376 4
0.029974 4
0.030701 4
0.031870 4
0.030139 4
0.030032 4
0.029399 4
0.031596 4
0.029384 4
0.031850 4
0.032638 4
0.027454 4
0.029894 4
0.029947 1
0.031071 1
0.028992 1
0.030273 1
0.029862 1
7.581516 63
0.882015 2
0.005532 21
0.000938 22
0.002023 132
7.964723 1
0.106223 1
0.252417 1
0.377236 4
0.064792 1
0.108981 1
0.182634 1
0.434429 4
0.501049 4
0.030078 4
0.030693 4
0.030755 4
0.029697 1
0.029345 1
0.031235 1
0.031006 1
0.031199 1
0.030666 1
0.474644 63
0.504114 2
0.004101 21
0.000627 44
0.001774 132
3.332809 63
0.163116 149
0.221641 187
0.465297 100
2.451368 1
0.161150 1
0.156167 1
0.148506 1
0.144224 1
0.141103 1
0.151519 1
0.807091 19
0.676500 15
0.348225 15
0.271649 15
0.891991 3
0.499480 3
0.031045 3
0.029945 3
0.030914 3
0.030050 3
0.029941 3
0.031657 1
0.030318 1
0.030443 1
0.029822 1
0.029928 1
0.030668 1
0.032441 1
0.031083 1
0.030382 1
0.805651 2
0.006886 22
0.006376 5
0.002637 132
1.344193 74
0.149887 250
0.634036 1
0.500771 1
0.030580 1
0.030015 1
0.030561 1
0.029145 1
0.119227 1
0.174295 1
0.385595 3
0.234799 19
0.082729 15
0.586256 15
0.204138 15
0.493698 2
0.004547 21
0.001040 44
0.001731 132
3.546245 65
0.137852 157
0.767247 1
0.500923 1
0.032440 1
0.030154 1
0.031293 1
0.031406 1
0.029583 1
0.030379 1
0.029771 1
0.029837 1
0.030170 1
0.031202 1
0.030507 1
0.030959 1
0.031012 1
0.030685 1
0.030517 1
0.030983 1
0.029902 1
0.030935 1
0.029598 1
0.030610 1
0.031076 1
0.031003 1
0.030341 1
0.030456 1
0.031596 1
0.031890 1
0.030314 1
0.028831 1
0.030416 1
0.029890 1
0.032672 1
0.029851 1
0.030765 1
0.029439 1
0.030023 1
0.029402 1
0.031283 1
0.031352 1
0.029262 1
0.030874 1
0.030834 1
0.029875 1
0.031110 1
0.163160 1
0.501565 1
0.030490 1
0.030688 1
0.031119 1
0.030415 1
0.031176 1
0.032670 1
0.029126 1
0.294649 3
0.198499 3
0.601250 5
0.125265 5
0.127268 5
0.121880 5
5.305510 5
0.085085 5
0.102142 5
0.222973 5
1.283124 3
0.500036 3
0.029743 3
0.032097 3
0.029951 3
0.031817 3
0.031121 3
0.029927 3
0.030077 3
0.030404 3
0.030969 3
0.030028 3
0.032200 3
0.030540 3
0.030843 3
0.031181 3
0.030340 3
0.029100 3
0.030418 3
0.030573 3
0.030949 3
0.031245 3
0.030722 3
0.031726 3
0.030618 3
0.031072 3
0.030376 3
0.029523 3
0.029904 3
0.031725 3
0.031621 3
0.030068 3
0.030178 3
0.030850 3
0.029514 3
0.029886 3
0.031003 3
0.032322 3
0.030717 3
0.031774 3
0.029521 3
0.029583 3
0.031224 3
0.030134 3
0.031516 3
0.031051 3
0.265382 1
0.177058 1
0.268470 3
0.282784 19
0.155241 19
0.123643 19
0.318588 15
0.486414 3
0.498724 3
0.029960 3
0.031522 3
0.032259 3
0.029563 3
0.030904 3
0.030244 1
0.029555 1
0.031489 1
0.030535 1
2.643687 2
0.006252 29
0.000325 5
0.005192 5
0.000074 4
0.006707 132
1.097345 72
0.116992 251
1.356360 1
0.499311 1
0.029825 1
0.032216 1
0.030127 1
0.030739 1
0.029005 1
0.030384 1
0.031505 1
0.030354 1
0.030157 1
0.030325 1
0.031904 1
0.029078 1
0.030827 1
0.030652 1
0.030288 1
0.030770 1
0.031289 1
0.030359 1
0.030314 1
0.030152 1
0.031301 1
0.029837 1
0.031076 1
0.030265 1
0.030252 1
0.030207 1
0.030887 1
0.029712 1
0.030657 1
0.030836 1
0.030363 1
0.032759 1
0.030141 1
0.030405 1
0.029627 1
0.031576 1
0.030131 1
0.029755 1
0.143126 1
0.161470 1
0.140817 1
0.147744 1
0.141172 1
0.171748 1
0.327420 3
0.267875 5
0.141339 5
0.133614 5
0.095597 5
1.071764 5
0.116435 5
0.111398 5
0.118472 5
0.880703 3
0.500752 3
0.030853 3
0.029730 3
0.028807 3
0.030447 3
0.030257 3
0.031021 3
0.032160 3
0.030315 3
0.030870 3
0.030318 3
0.030602 3
0.029257 3
0.031062 3
0.030087 3
0.031196 3
0.030334 3
0.030275 3
0.029898 3
0.029665 3
0.029835 3
0.031345 3
1.472860 3
0.500222 3
0.032043 3
0.030531 3
0.030532 3
0.030562 3
0.032125 3
0.031583 3
0.029306 3
0.030511 3
0.031340 3
0.031485 3
0.031000 3
0.159874 3
0.344754 3
0.335393 19
0.133376 19
0.130546 19
0.488696 15
0.530546 3
0.500870 3
0.029857 3
0.030045 3
0.030429 3
0.030480 3
0.031239 3
0.029882 1
0.030135 1
0.031175 1
0.030384 1
0.030298 1
0.029432 1
0.030646 1
0.329682 2
0.002706 29
0.001618 4
0.000208 4
0.001675 61
0.001161 132
3.413271 1
0.109979 1
0.101523 1
0.142830 1
0.291536 1
5.352568 1
0.112222 1
0.102959 1
0.180684 5
2.097903 1
0.132586 1
0.148464 13
0.589930 2
0.004020 132
1.756767 1
0.121253 1
0.096644 1
0.081600 1
0.131480 1
0.079912 1
0.145895 1
0.143399 1
0.123058 1
0.183487 1
0.114585 1
0.089579 1
0.117249 1
0.072719 1
0.076376 1
0.415530 1
2.848968 1
0.109271 1
0.185205 1
0.141917 1
0.083271 1
0.137033 1
0.090383 1
0.714909 4
0.499810 4
0.031147 4
0.030922 4
0.030634 4
0.029416 4
0.029634 4
0.030432 4
0.030431 4
0.031305 4
0.030033 4
0.029901 4
0.030160 4
0.029861 4
0.030402 4
0.030751 4
0.029323 4
0.031429 4
0.030710 4
0.030380 4
0.030921 4
0.030524 4
0.030816 4
0.030411 1
0.030429 1
0.031276 1
7.597630 28
0.236274 91
1.372990 2
0.006012 29
0.005068 4
0.000639 4
0.005044 59
0.002075 132
4.494583 1
0.119581 1
0.105431 1
0.160080 1
0.151455 1
0.504586 1
0.099896 1
0.155063 1
0.127412 1
0.065349 1
0.091164 1
0.155692 1
0.508386 1
0.086883 1
0.077042 1
0.145160 1
0.484258 4
0.500451 4
0.031185 4
0.030136 4
0.030498 4
0.030062 4
0.030472 4
0.030908 4
0.031046 4
0.031224 4
0.029235 4
0.030590 4
0.028462 4
0.029978 4
0.030200 4
0.030083 4
0.030556 1
0.031729 1
0.030495 1
0.030723 1
6.249672 63
0.989359 2
0.006097 29
0.004290 22
0.001975 132
5.427341 1
0.150033 1
0.074182 1
0.154206 1
0.129626 1
0.085253 1
0.264176 4
0.498504 4
0.031321 4
0.031223 4
0.032743 4
0.029776 4
0.031961 1
0.028673 1
0.031720 1
0.030436 1
0.031097 1
0.431729 63
0.363568 2
0.004576 29
0.003698 4
0.000447 4
0.003420 4
0.000026 57
0.001641 132
5.618947 1
0.084654 1
0.123982 1
0.082185 1
0.141161 1
0.112140 1
0.116185 1
0.126267 1
0.125855 1
0.156152 1
2.018884 2
0.002534 30
0.001762 132
1.759598 10
0.133495 73
0.160682 187
0.992557 91
0.501387 167
0.029377 13
0.029568 1
0.030623 1
0.031061 1
0.031296 1
0.427088 1
0.055274 1
0.140463 1
0.079780 1
0.155453 2
0.004401 55
0.216251 132
0.513606 4
0.142318 6
0.428382 73
3.166457 187
0.436683 91
0.781452 149
0.460682 1
0.500390 1
0.030951 1
0.030139 1
0.032145 1
0.030348 1
0.030480 1
0.030211 1
0.030577 1
0.030234 1
0.031456 1
0.031244 1
0.031191 1
0.752522 3
0.502395 3
0.029138 3
0.029837 3
0.029580 3
0.030110 3
0.030454 3
0.031079 3
0.030880 3
0.031368 3
0.032218 3
0.030721 3
0.030385 3
0.031253 1
0.031373 1
0.031170 1
0.030968 1
0.226756 4
0.497904 4
0.029999 4
0.032015 4
0.028501 4
0.030519 4
0.167730 4
0.406872 1
0.213936 1
0.162129 1
0.192521 1
0.207867 1
2.118283 2
0.006990 29
0.000341 5
0.006021 5
0.000166 6
0.013094 132
0.873964 70
0.159256 161
0.529182 6
0.149332 73
0.929743 4
0.184577 4
0.145800 4
0.116392 4
0.131648 4
0.117773 4
0.398697 1
0.175371 1
0.262411 1
0.207753 1
0.643057 2
0.006505 29
0.005190 4
0.000614 6
0.015631 4
0.000036 57
0.002331 132
1.353350 61
2.113550 141
1.235838 253
0.181694 157
0.155654 1
0.848361 1
0.081642 1
0.095273 1
0.145220 1
0.175467 1
0.236581 1
0.084151 1
0.254965 1
0.157701 5
1.251899 1
0.158458 1
0.099645 11
0.796080 4
0.500151 4
0.030088 4
0.029738 4
0.030840 4
0.029738 4
0.029903 4
0.032055 4
0.030477 4
0.030521 4
0.030485 4
0.029886 4
0.030291 4
0.030180 4
0.397750 1
0.214087 1
0.120368 1
0.109037 13
0.463869 2
0.002151 132
2.653609 1
0.084263 1
0.113794 1
0.079490 1
0.110035 1
0.128056 1
0.113855 1
0.090995 1
0.063848 1
0.113799 1
0.350503 2
0.002121 30
0.003771 132
0.432572 1
0.080492 1
0.142617 1
0.076157 1
0.231424 2
0.001931 55
0.178759 132
0.849457 4
0.136692 6
0.394078 38
0.559458 89
1.101074 141
0.829825 4
0.190113 4
0.128560 4
0.114824 4
0.112363 4
0.476795 1
0.144997 1
0.227328 1
0.168321 1
0.401817 1
0.215419 1
0.194414 1
0.611226 1
0.426029 1
0.191558 1
0.266101 1
0.336999 4
0.124197 4
0.197271 1
0.167892 1
0.209466 1
3.029751 2
0.005773 29
0.000267 5
0.004402 5
0.000106 5
0.003212 132
0.850816 77
0.696075 161
0.306456 6
0.331267 38
0.495825 89
1.245870 4
0.117933 4
0.124011 4
0.365336 4
0.124842 1
0.163227 1
0.179372 1
0.410010 1
0.202374 1
0.190726 1
0.621411 1
0.414697 1
0.102251 1
0.184896 1
0.314280 1
3.486354 2
0.006840 29
0.004751 4
0.000527 5
0.001794 61
0.002122 132
6.204948 1
0.774377 1
0.117946 1
0.161817 1
0.151641 1
0.116892 1
0.108815 1
0.093453 1
0.169315 5
0.380066 1
0.123697 1
0.143304 13
0.441630 2
0.004317 132
0.852214 28
0.147339 96
1.014772 1
0.499640 1
0.029715 1
0.031194 1
0.032078 1
0.029497 1
0.174969 163
0.479151 1
0.500369 1
0.030158 1
0.029940 1
0.031563 1
0.032059 1
0.030804 1
0.030717 1
0.030067 1
0.030459 1
0.029942 1
0.030285 1
0.583373 29
0.157125 25
0.813095 25
0.193229 25
0.341673 3
0.501231 3
0.030190 3
0.032255 3
0.033480 3
0.026757 3
0.029916 3
0.030607 3
0.030047 3
0.030951 3
0.030397 3
0.031226 3
0.030789 1
0.030090 1
0.030731 1
0.030542 1
0.029485 1
0.030328 1
0.030262 1
0.030306 1
0.031771 1
2.565001 2
0.002352 29
0.000131 5
0.002766 5
0.000105 5
0.003622 132
0.824603 79
0.135700 187
0.497447 96
2.221986 1
0.499804 1
0.030702 1
0.029632 1
0.031774 1
0.031774 1
0.029902 1
0.031670 1
0.028810 1
0.029447 1
0.029228 1
0.030967 1
0.030176 1
0.308455 156
0.602547 274
0.312166 1
0.500251 1
0.030991 1
0.030892 1
0.030268 1
0.030980 1
0.029866 1
0.030334 1
0.031196 1
0.031106 1
0.029400 1
0.334603 1
0.298083 1
0.268023 3
0.253366 29
0.106815 25
0.609260 25
0.180210 25
0.708759 2
0.005042 29
0.001773 4
0.000230 5
0.000794 61
0.001127 132
2.786576 1
0.039966 1
0.192368 1
0.173220 1
0.121700 1
0.208005 1
0.365226 4
0.066420 1
0.148262 1
0.143160 1
0.173564 5
1.806994 1
0.133715 1
0.126967 13
0.405728 2
0.004505 132
2.643288 1
0.072217 1
0.133498 1
0.070504 1
0.108769 1
0.176521 1
0.060377 1
0.182169 1
0.605447 1
0.363164 2
0.651878 2
0.001506 30
0.001859 132
1.139959 1
0.101994 1
0.104230 1
0.092715 1
0.168098 2
0.003617 55
0.195244 132
0.534639 4
0.136185 7
0.130995 46
0.138537 98
0.723237 289
1.816008 4
0.499316 4
0.029705 4
0.030031 4
0.030085 4
0.031093 4
0.030827 4
0.029654 4
0.031076 4
0.029479 4
0.212291 4
0.249594 1
0.128537 1
0.163478 1
0.211040 1
1.642583 2
0.003600 29
0.000172 5
0.003258 5
0.000055 6
0.007507 132
0.830011 72
0.156110 161
0.377118 7
0.212749 46
0.416435 98
1.026205 4
0.498702 4
0.030823 4
0.030932 4
0.031033 4
0.030893 4
0.029603 4
0.031147 4
0.130653 4
0.161974 4
0.296803 4
0.162322 1
0.154625 1
0.177355 1
0.186930 1
0.608915 2
0.005776 29
0.003768 4
0.000620 6
0.010475 61
0.001550 132
3.276762 1
0.084277 1
0.095999 1
0.153335 1
0.101080 1
0.097431 1
0.084694 1
0.122212 1
0.135423 5
1.042958 1
0.124479 1
0.130359 13
0.405969 2
0.002150 132
1.553269 1
0.080707 1
0.112763 1
0.095750 1
0.118018 1
0.124997 1
0.121967 1
0.095715 1
0.065171 1
0.121870 1
0.341679 2
0.003550 30
0.003157 132
1.017709 10
0.134482 38
0.244270 91
0.488093 149
0.920731 4
0.498555 4
0.029740 4
0.182734 4
0.638463 1
0.127086 1
0.332090 1
0.103877 1
0.163302 1
0.281990 1
4.520007 2
0.001150 41
0.002293 132
5.666697 1
0.080785 1
0.283007 1
0.122195 1
0.174299 2
0.004077 55
0.209043 132
0.486925 4
0.358000 78
0.713457 2
0.002673 29
0.000117 5
0.002016 5
0.000041 4
0.002456 132
1.260481 74
0.120836 161
0.149006 78
0.149026 167
0.395596 38
0.346316 91
1.251935 4
0.134350 4
0.114533 4
0.557825 4
0.567705 1
0.436781 1
0.233843 1
0.168512 1
0.156575 1
0.218418 1
0.983655 2
0.006465 29
0.005150 4
0.000798 4
0.005349 4
0.000039 57
0.002394 132
2.059955 65
0.608559 4
0.131514 4
0.117554 4
0.129463 4
0.126699 4
0.127817 4
0.145635 1
0.158365 1
0.165657 1
0.215165 1
0.406773 2
0.006168 29
0.004601 4
0.000533 6
0.011715 116
0.133007 23
0.000468 132
3.744405 63
2.443570 4
0.140552 4
0.121429 4
0.116573 4
0.508183 1
0.144066 1
0.154530 1
0.434711 1
0.157415 1
0.110088 1
0.317002 1
0.629401 1
0.089918 1
0.163655 1
0.283070 1
0.358178 2
0.004761 29
0.005101 4
0.000697 5
0.000173 116
0.136899 23
0.000512 132
7.832457 70
0.643407 1
0.500411 1
0.030158 1
0.029755 1
0.030615 1
0.030921 1
0.029572 1
0.030388 1
0.030125 1
0.029985 1
0.031039 1
0.030516 1
0.030827 1
0.030083 1
0.030256 1
0.030238 1
0.030915 1
0.029871 1
0.029616 1
0.030652 1
0.031272 1
0.031787 1
0.030005 1
0.030368 1
0.031952 1
0.029439 1
0.029877 1
0.029903 1
0.030871 1
0.032110 1
0.030935 1
0.030473 1
0.031060 1
0.031907 1
0.030114 1
0.030568 1
0.029126 1
0.029992 1
0.029670 1
0.030645 1
0.029827 1
0.029591 1
0.030421 1
0.458915 1
3.480789 5
0.146822 5
0.134054 5
0.106540 5
0.138293 5
1.245617 5
0.108133 5
0.072869 5
0.096064 5
0.683887 2
0.005155 28
0.004507 4
0.000537 5
0.000208 116
0.158258 23
0.000454 132
4.034889 69
0.154723 189
0.328823 19
0.394427 10
1.073691 157
1.774625 265
0.917669 2
0.004340 29
0.005032 4
0.000659 4
0.003433 61
0.001462 132
1.791829 139
2.508250 6
